Dice coefficients and Area Error. Format:
Type: Mean   Median StdDev || Values for each frame

FN003
Dice: 0.8393 0.8676 0.1256 || 0.8116 0.8458 0.8371 0.8673 0.8417 0.8764 0.8942 0.8824 0.9071 0.8974 0.8749 0.8273 0.8475 0.3182 0.8558 0.8782 0.9195 0.8584 0.8679 0.8774 
Area: 0.0681 0.0282 0.1331 || 0.0609 0.0295 0.0283 0.0282 0.0703 0.0453 0.0190 0.0215 0.0255 0.0143 0.0806 0.1173 0.0257 0.6212 0.0174 0.0235 0.0135 0.0412 0.0108 0.0674 


FN007
Dice: 0.8861 0.9441 0.2110 || 0.9631 0.9555 0.9510 0.9425 0.9366 0.8709 0.8601 0.0000 0.9358 0.9159 0.9475 0.9584 0.9475 0.9641 0.9619 0.9411 0.8658 0.9121 0.9458 0.9467 
Area: 0.0785 0.0309 0.2180 || 0.0012 0.0160 0.0338 0.0521 0.0491 0.0099 0.0490 1.0000 0.0279 0.0062 0.0060 0.0054 0.0420 0.0255 0.0252 0.0552 0.0886 0.0368 0.0049 0.0343 


FP007
Dice: 0.8899 0.8912 0.0311 || 0.8830 0.8607 0.8671 0.8989 0.9047 0.8681 0.9322 0.9247 0.8981 0.9464 0.9211 0.8843 0.8189 0.8730 0.9036 0.8536 0.8771 0.8598 0.9057 0.9169 
Area: 0.0316 0.0280 0.0183 || 0.0305 0.0569 0.0232 0.0109 0.0255 0.0699 0.0335 0.0251 0.0275 0.0495 0.0304 0.0561 0.0257 0.0242 0.0461 0.0087 0.0065 0.0284 0.0014 0.0513 


FP016
Dice: 0.5766 0.8546 0.4158 || 0.8786 0.9068 0.8940 0.8507 0.0000 0.0000 0.1923 0.8230 0.8855 0.8903 0.8721 0.0000 0.0000 0.8526 0.8819 0.8651 0.0000 0.0000 0.8566 0.8824 
Area: 0.3650 0.0729 0.4603 || 0.0066 0.0016 0.0026 0.0278 1.0000 1.0000 0.8077 0.1135 0.0109 0.0134 0.0098 1.0000 1.0000 0.0840 0.0598 0.0618 1.0000 1.0000 0.0950 0.0046 


FN003_naso
Dice: 0.1485 0.0000 0.3063 || 0.0000 0.0000 0.0000 0.0000 0.6316 0.0000 0.0000 0.0000 0.0000 0.7931 0.0000 0.0000 0.0000 0.0000 0.7903 0.7559 0.0000 0.0000 0.0000 0.0000 
Area: 0.8353 1.0000 0.3409 || 1.0000 1.0000 1.0000 1.0000 0.3368 1.0000 1.0000 1.0000 1.0000 0.1609 1.0000 1.0000 1.0000 1.0000 0.1210 0.0866 1.0000 1.0000 1.0000 1.0000 


FP005_naso
Dice: 0.0000 0.0000 0.0000 || 0.0000 0.0000 0.0000 0.0000 0.0000 0.0000 0.0000 0.0000 0.0000 0.0000 0.0000 0.0000 0.0000 0.0000 0.0000 0.0000 0.0000 0.0000 0.0000 0.0000 
Area: 1.0000 1.0000 0.0000 || 1.0000 1.0000 1.0000 1.0000 1.0000 1.0000 1.0000 1.0000 1.0000 1.0000 1.0000 1.0000 1.0000 1.0000 1.0000 1.0000 1.0000 1.0000 1.0000 1.0000 


FP011_naso
Dice: 0.5170 0.7473 0.3914 || 0.0000 0.7873 0.7137 0.7508 0.7342 0.8743 0.7778 0.0000 0.0000 0.0000 0.8274 0.8023 0.8889 0.7439 0.0000 0.0000 0.0000 0.8299 0.8099 0.7989 
Area: 0.3767 0.0640 0.4699 || 1.0000 0.0950 0.0353 0.0390 0.0443 0.0114 0.0000 1.0000 1.0000 1.0000 0.0356 0.0756 0.0000 0.0175 1.0000 1.0000 1.0000 0.0884 0.0523 0.0402 


FD003_pre
Dice: 0.4862 0.8172 0.4524 || 0.9466 0.9023 0.0000 0.0000 0.0000 0.0000 0.8690 0.8659 0.9221 0.8569 0.0000 0.0000 0.0000 0.9273 0.9059 0.8874 0.8628 0.0000 0.0000 0.7774 
Area: 0.4906 0.1659 0.4744 || 0.0293 0.0966 1.0000 1.0000 1.0000 1.0000 0.0087 0.0291 0.0427 0.1431 1.0000 1.0000 1.0000 0.0668 0.0425 0.1006 0.0642 1.0000 1.0000 0.1887 


FN003_lombard
Dice: 0.4410 0.4253 0.4526 || 0.0000 0.0000 0.0000 0.8929 0.8806 0.9006 0.8881 0.8507 0.0000 0.0000 0.0000 0.0000 0.0000 0.8551 0.8849 0.9110 0.8848 0.8713 0.0000 0.0000 
Area: 0.5469 0.5705 0.4655 || 1.0000 1.0000 1.0000 0.0675 0.0611 0.0902 0.1035 0.1409 1.0000 1.0000 1.0000 1.0000 1.0000 0.1366 0.0347 0.0800 0.1022 0.1203 1.0000 1.0000 


MN003_adapt
Dice: 0.3752 0.3128 0.3882 || 0.8371 0.0270 0.0000 0.0000 0.0000 0.0000 0.0000 0.0000 0.0000 0.6627 0.7974 0.7903 0.8260 0.8491 0.5987 0.6432 0.0000 0.0000 0.8304 0.6429 
Area: 0.5375 0.5048 0.4562 || 0.0228 0.7393 1.0000 1.0000 1.0000 1.0000 1.0000 1.0000 1.0000 0.0296 0.0259 0.0271 0.0619 0.0417 0.2703 0.2170 1.0000 1.0000 0.0969 0.2175 


