Dice coefficients and Area Error. Format:
Type: Mean   Median StdDev || Values for each frame

FN003
Dice: 0.9227 0.9320 0.0365 || 0.8125 0.9108 0.9456 0.9256 0.9595 0.9658 0.9331 0.9394 0.9324 0.9440 0.9288 0.8889 0.8943 0.8600 0.9316 0.9420 0.9311 0.9621 0.9357 0.9098 
Area: 0.0388 0.0249 0.0357 || 0.1437 0.0626 0.0146 0.0032 0.0227 0.0194 0.0000 0.0037 0.0170 0.0229 0.0510 0.0763 0.0837 0.0700 0.0351 0.0139 0.0426 0.0269 0.0082 0.0584 
FN007
Dice: 0.8011 0.9434 0.3458 || 0.9655 0.9572 0.9463 0.9202 0.9146 0.8957 0.0000 0.0000 0.9631 0.9350 0.9688 0.9632 0.9276 0.9460 0.9476 0.9151 0.0000 0.9681 0.9464 0.9407 
Area: 0.1926 0.0530 0.3485 || 0.0260 0.0395 0.0498 0.0791 0.0797 0.0644 1.0000 1.0000 0.0230 0.0533 0.0243 0.0359 0.0709 0.0527 0.0504 0.0849 1.0000 0.0203 0.0401 0.0579 
FP007
Dice: 0.9037 0.9056 0.0215 || 0.8742 0.8904 0.9017 0.8878 0.9159 0.9336 0.9182 0.9306 0.8969 0.9279 0.8681 0.9009 0.8711 0.9204 0.9360 0.9095 0.8844 0.8796 0.9146 0.9122 
Area: 0.0859 0.0849 0.0279 || 0.1208 0.1054 0.0937 0.1113 0.0808 0.0590 0.0749 0.0624 0.0078 0.0721 0.1163 0.0960 0.1276 0.0731 0.0549 0.0872 0.1013 0.1106 0.0795 0.0825 
FP016
Dice: 0.7849 0.8955 0.2807 || 0.8916 0.9007 0.9030 0.8693 0.5455 0.0000 0.9081 0.9103 0.8994 0.9137 0.8798 0.8594 0.7961 0.9242 0.9143 0.8684 0.9127 0.0000 0.9171 0.8844 
Area: 0.1689 0.0779 0.2886 || 0.0798 0.0774 0.0676 0.1181 0.2222 1.0000 0.0368 0.0147 0.0692 0.0446 0.1183 0.1205 0.1118 0.0368 0.0386 0.1186 0.0175 1.0000 0.0078 0.0785 
FN003_naso
Dice: 0.7797 0.8354 0.2034 || 0.5333 0.8364 0.8344 0.8638 0.9113 0.8780 0.8846 0.8345 0.9057 0.8539 0.0000 0.8222 0.8227 0.8710 0.8607 0.7852 0.6667 0.8070 0.8730 0.7486 
Area: 0.1664 0.1193 0.2257 || 0.4667 0.1636 0.1166 0.0423 0.0242 0.1220 0.0192 0.1655 0.0340 0.1348 1.0000 0.1333 0.1489 0.0403 0.1066 0.0222 0.3333 0.0175 0.0635 0.1732 
FP005_naso
Dice: 0.8267 0.8792 0.1209 || 0.6560 0.8544 0.9129 0.8842 0.8000 0.8766 0.8085 0.9186 0.8521 0.8817 0.9158 0.6136 0.5238 0.8824 0.8850 0.8515 0.6331 0.9055 0.9517 0.9263 
Area: 0.1140 0.0707 0.1229 || 0.3440 0.1165 0.0732 0.0316 0.1750 0.0909 0.1149 0.0349 0.0178 0.1111 0.0632 0.0682 0.4524 0.0490 0.0973 0.0297 0.3381 0.0394 0.0112 0.0211 
FP011_naso
Dice: 0.5845 0.8114 0.3936 || 0.7627 0.7903 0.8050 0.8291 0.8173 0.8556 0.0000 0.0000 0.8056 0.8406 0.8494 0.8640 0.8844 0.0000 0.0000 0.0000 0.0000 0.8687 0.8538 0.8638 
Area: 0.3784 0.1416 0.4195 || 0.1525 0.1935 0.1698 0.1307 0.1624 0.0354 1.0000 1.0000 0.0278 0.1304 0.0667 0.1169 0.0955 1.0000 1.0000 1.0000 1.0000 0.0976 0.0991 0.0892 
FD003_pre
Dice: 0.6905 0.8549 0.3573 || 0.9378 0.8662 0.7911 0.7527 0.0000 0.8863 0.8811 0.8827 0.9270 0.8435 0.0000 0.0000 0.8691 0.9023 0.9264 0.8792 0.8359 0.7862 0.0000 0.8435 
Area: 0.2748 0.1193 0.3743 || 0.0566 0.1328 0.1311 0.0323 1.0000 0.0212 0.1178 0.1173 0.0628 0.1552 1.0000 1.0000 0.1253 0.0955 0.0620 0.1208 0.0951 0.0146 1.0000 0.1565 
FN003_lombard
Dice: 0.8924 0.8952 0.0270 || 0.8435 0.9242 0.9299 0.9153 0.9008 0.9070 0.8927 0.8483 0.8800 0.8705 0.9404 0.8628 0.9124 0.8660 0.8972 0.9171 0.8932 0.8808 0.8980 0.8689 
Area: 0.0811 0.0784 0.0343 || 0.0822 0.0669 0.0675 0.0628 0.0522 0.0930 0.1073 0.1467 0.0100 0.0570 0.0526 0.0708 0.0793 0.1340 0.0333 0.0809 0.1018 0.1178 0.0776 0.1279 
MN003_adapt
Dice: 0.8870 0.8979 0.0505 || 0.9203 0.8842 0.8837 0.8990 0.8913 0.8876 0.8547 0.8273 0.7748 0.7632 0.9071 0.9019 0.9363 0.9342 0.9247 0.9342 0.8967 0.8526 0.9198 0.9453 
Area: 0.0598 0.0599 0.0369 || 0.0320 0.0851 0.0761 0.0603 0.0594 0.0854 0.0944 0.1263 0.1457 0.0789 0.0281 0.0191 0.0112 0.0189 0.0457 0.0287 0.0693 0.0730 0.0376 0.0202 
