Dice coefficients and Area Error. Format:
Type: Mean   Median StdDev || Values for each frame

FN003
Dice: 0.8123 0.9002 0.2798 || 0.0000 0.9035 0.9147 0.8819 0.9329 0.9506 0.9117 0.8940 0.9339 0.9248 0.8955 0.7988 0.8803 0.0000 0.9029 0.8976 0.9344 0.9385 0.8841 0.8654 
Area: 0.1369 0.0346 0.2974 || 1.0000 0.0200 0.0129 0.0282 0.0024 0.0117 0.0358 0.0642 0.0334 0.0444 0.0814 0.1509 0.0513 1.0000 0.0032 0.0267 0.0176 0.0074 0.0513 0.0955 


FN007
Dice: 0.8791 0.9478 0.2176 || 0.9558 0.9705 0.9646 0.9331 0.9397 0.8723 0.6781 0.0000 0.9044 0.9300 0.9495 0.9683 0.9589 0.9712 0.9641 0.9462 0.8472 0.9056 0.9628 0.9602 
Area: 0.0983 0.0251 0.2226 || 0.0191 0.0038 0.0084 0.0358 0.0213 0.0816 0.2876 1.0000 0.0956 0.0197 0.0382 0.0115 0.0289 0.0129 0.0111 0.0365 0.1528 0.0753 0.0114 0.0149 


FP007
Dice: 0.6307 0.8855 0.4245 || 0.9028 0.0000 0.9061 0.9182 0.0000 0.0000 0.9321 0.9444 0.8941 0.9367 0.9187 0.8873 0.8837 0.8284 0.9310 0.0000 0.0000 0.8585 0.0000 0.8725 
Area: 0.3379 0.0671 0.4458 || 0.0285 1.0000 0.0632 0.0711 1.0000 1.0000 0.0391 0.0231 0.0039 0.0408 0.0346 0.0532 0.0885 0.1414 0.0301 1.0000 1.0000 0.0313 1.0000 0.1087 


FP016
Dice: 0.6644 0.8842 0.3951 || 0.8869 0.9366 0.9199 0.8794 0.0000 0.0000 0.7719 0.8674 0.9102 0.9153 0.9006 0.8835 0.0000 0.8849 0.9132 0.9042 0.0000 0.0000 0.8265 0.8871 
Area: 0.2881 0.0496 0.4244 || 0.0078 0.0016 0.0297 0.0390 1.0000 1.0000 0.2026 0.0969 0.0128 0.0363 0.0022 0.0631 1.0000 0.0558 0.0434 0.0349 1.0000 1.0000 0.1342 0.0028 


FN003_naso
Dice: 0.6445 0.7440 0.2565 || 0.3500 0.6383 0.6944 0.7861 0.8729 0.6857 0.7692 0.7442 0.8333 0.7816 0.0000 0.7955 0.0000 0.7826 0.8054 0.7164 0.4000 0.7438 0.8276 0.6627 
Area: 0.2799 0.1629 0.3044 || 0.6500 0.3617 0.2639 0.0149 0.0763 0.3143 0.1648 0.2558 0.0873 0.1609 1.0000 0.1591 1.0000 0.1217 0.0136 0.0299 0.6000 0.0413 0.0172 0.2651 


FP005_naso
Dice: 0.6333 0.7602 0.3157 || 0.5000 0.8365 0.8826 0.0000 0.7355 0.7143 0.7368 0.0000 0.8293 0.8529 0.8272 0.0000 0.4051 0.7835 0.8349 0.7089 0.3333 0.8960 0.9091 0.8796 
Area: 0.3123 0.1488 0.3445 || 0.5000 0.1058 0.0961 1.0000 0.2129 0.2632 0.1579 1.0000 0.0488 0.1397 0.0576 1.0000 0.5443 0.1031 0.0642 0.2405 0.6316 0.0240 0.0303 0.0262 


FP011_naso
Dice: 0.0000 0.0000 0.0000 || 0.0000 0.0000 0.0000 0.0000 0.0000 0.0000 0.0000 0.0000 0.0000 0.0000 0.0000 0.0000 0.0000 0.0000 0.0000 0.0000 0.0000 0.0000 0.0000 0.0000 
Area: 1.0000 1.0000 0.0000 || 1.0000 1.0000 1.0000 1.0000 1.0000 1.0000 1.0000 1.0000 1.0000 1.0000 1.0000 1.0000 1.0000 1.0000 1.0000 1.0000 1.0000 1.0000 1.0000 1.0000 


FD003_pre
Dice: 0.7056 0.8745 0.3663 || 0.9556 0.9065 0.8609 0.7260 0.0000 0.8072 0.9084 0.9125 0.9415 0.8801 0.0000 0.0000 0.8889 0.9314 0.9539 0.9196 0.8650 0.7856 0.0000 0.8689 
Area: 0.2648 0.0882 0.3790 || 0.0251 0.0903 0.0544 0.1728 1.0000 0.1454 0.0866 0.0843 0.0336 0.0787 1.0000 1.0000 0.0899 0.0591 0.0187 0.0794 0.0461 0.1124 1.0000 0.1194 


FN003_lombard
Dice: 0.4638 0.4485 0.4760 || 0.0000 0.0000 0.0000 0.9202 0.9061 0.9498 0.9495 0.9115 0.0000 0.0000 0.0000 0.0000 0.0000 0.8970 0.9148 0.9548 0.9355 0.9358 0.0000 0.0000 
Area: 0.5129 0.5202 0.4998 || 1.0000 1.0000 1.0000 0.0273 0.0271 0.0204 0.0218 0.0358 1.0000 1.0000 1.0000 1.0000 1.0000 0.0234 0.0404 0.0108 0.0244 0.0271 1.0000 1.0000 


MN003_adapt
Dice: 0.6637 0.8575 0.3959 || 0.8274 0.0000 0.0000 0.0000 0.9389 0.9412 0.9363 0.9305 0.8528 0.0000 0.8950 0.9270 0.9291 0.8621 0.8070 0.8216 0.0000 0.9231 0.8974 0.7854 
Area: 0.2919 0.0838 0.4206 || 0.0842 1.0000 1.0000 1.0000 0.0039 0.0208 0.0104 0.0383 0.0264 1.0000 0.0868 0.0300 0.0630 0.0781 0.0833 0.0973 1.0000 0.0173 0.1026 0.0950 


