Dice coefficients and Area Error. Format:
Type: Mean   Median StdDev || Values for each frame

FN003
Dice: 0.8878 0.8887 0.0354 || 0.8283 0.8782 0.8925 0.8849 0.9166 0.9286 0.9024 0.9178 0.9084 0.9093 0.8717 0.8131 0.9112 0.8247 0.8745 0.8810 0.9362 0.9329 0.8807 0.8637 
Area: 0.0933 0.0908 0.0393 || 0.0758 0.1026 0.1075 0.1151 0.0834 0.0714 0.0273 0.0822 0.0916 0.0900 0.1283 0.1869 0.0699 0.1175 0.1255 0.1190 0.0564 0.0658 0.0135 0.1363 
FN007
Dice: 0.9266 0.9362 0.0301 || 0.9554 0.9572 0.9458 0.9237 0.9138 0.8720 0.8393 0.9356 0.9401 0.9076 0.9532 0.9552 0.9279 0.9442 0.9463 0.9080 0.8985 0.9369 0.9330 0.9389 
Area: 0.0575 0.0534 0.0204 || 0.0338 0.0382 0.0522 0.0763 0.0828 0.0923 0.0164 0.0576 0.0418 0.0794 0.0388 0.0431 0.0706 0.0545 0.0517 0.0920 0.0713 0.0443 0.0523 0.0598 
FP007
Dice: 0.9219 0.9272 0.0299 || 0.8852 0.8968 0.9170 0.9190 0.9491 0.9547 0.9382 0.9501 0.9095 0.9369 0.9048 0.9249 0.9091 0.9479 0.9629 0.9295 0.8841 0.8397 0.9363 0.9426 
Area: 0.0438 0.0465 0.0270 || 0.0106 0.0817 0.0725 0.0800 0.0457 0.0343 0.0502 0.0312 0.0079 0.0591 0.0099 0.0671 0.0833 0.0386 0.0235 0.0663 0.0036 0.0065 0.0576 0.0474 
FP016
Dice: 0.8013 0.8965 0.2770 || 0.8915 0.9124 0.8962 0.8446 0.7841 0.0000 0.9217 0.9404 0.9031 0.9172 0.8611 0.8369 0.8496 0.9444 0.9249 0.8629 0.8969 0.0000 0.9347 0.9025 
Area: 0.1760 0.0799 0.2864 || 0.1045 0.0774 0.0863 0.1554 0.1960 1.0000 0.0036 0.0466 0.0750 0.0593 0.1389 0.1593 0.0029 0.0491 0.0554 0.1355 0.0552 1.0000 0.0379 0.0824 
FN003_naso
Dice: 0.7971 0.8456 0.1969 || 0.9524 0.8955 0.8458 0.8099 0.8754 0.8070 0.8455 0.8083 0.8844 0.8500 0.0000 0.8571 0.8750 0.8693 0.7909 0.7568 0.9247 0.8175 0.6867 0.7901 
Area: 0.1569 0.0953 0.2085 || 0.0476 0.0448 0.0945 0.1570 0.0961 0.1930 0.1382 0.1606 0.0680 0.0100 1.0000 0.0893 0.0795 0.0883 0.1711 0.0676 0.0538 0.1533 0.2892 0.1358 
FP005_naso
Dice: 0.7813 0.8271 0.1222 || 0.5391 0.7919 0.9048 0.6237 0.7105 0.8693 0.8210 0.7799 0.8333 0.8632 0.9091 0.6027 0.5747 0.7761 0.8340 0.8807 0.6447 0.8359 0.9203 0.9110 
Area: 0.1353 0.0949 0.1269 || 0.4609 0.1675 0.0476 0.0538 0.2368 0.0980 0.0917 0.1195 0.0238 0.0877 0.0202 0.2877 0.4023 0.0647 0.1319 0.1009 0.2237 0.0469 0.0145 0.0262 
FP011_naso
Dice: 0.8149 0.8214 0.0506 || 0.7717 0.7871 0.8202 0.7972 0.7700 0.8804 0.7826 0.7470 0.8442 0.8227 0.8712 0.8352 0.8424 0.8059 0.7385 0.7143 0.8571 0.8867 0.8852 0.8391 
Area: 0.1427 0.1547 0.0598 || 0.2126 0.1968 0.1672 0.2028 0.2254 0.0992 0.2174 0.1084 0.0909 0.1489 0.1148 0.1648 0.1529 0.1765 0.1692 0.0000 0.0370 0.1067 0.1054 0.1565 
FD003_pre
Dice: 0.6908 0.8650 0.3585 || 0.9432 0.8785 0.8118 0.7218 0.0000 0.8816 0.8748 0.8827 0.9362 0.8454 0.0000 0.0000 0.8664 0.9051 0.9393 0.8864 0.8636 0.7713 0.0000 0.8083 
Area: 0.2791 0.1228 0.3730 || 0.0530 0.1215 0.1734 0.0105 1.0000 0.0451 0.1240 0.1173 0.0544 0.1546 1.0000 1.0000 0.1318 0.0949 0.0519 0.1117 0.1349 0.0133 1.0000 0.1899 
FN003_lombard
Dice: 0.8766 0.9161 0.1394 || 0.8634 0.7947 0.9526 0.9394 0.9105 0.9565 0.9580 0.9018 0.3361 0.7875 0.9545 0.8957 0.9462 0.9026 0.9217 0.9643 0.9384 0.9340 0.8919 0.7826 
Area: 0.0750 0.0233 0.1473 || 0.0745 0.1939 0.0000 0.0011 0.0126 0.0215 0.0178 0.0238 0.6639 0.1375 0.0227 0.0687 0.0169 0.0447 0.0380 0.0043 0.0281 0.0110 0.0180 0.1014 
MN003_adapt
Dice: 0.9306 0.9434 0.0486 || 0.9593 0.9643 0.9455 0.9491 0.9311 0.9413 0.9315 0.9194 0.8333 0.7770 0.9275 0.9278 0.9660 0.9681 0.9597 0.9742 0.9534 0.8871 0.9327 0.9645 
Area: 0.0319 0.0218 0.0383 || 0.0196 0.0295 0.0156 0.0080 0.0174 0.0374 0.0251 0.0410 0.0227 0.1799 0.0462 0.0000 0.0208 0.0137 0.0205 0.0025 0.0325 0.0302 0.0673 0.0073 
