Dice coefficients and Area Error:

FN003
Dice: 0.8983 || 0.6975 0.8687 0.9374 0.9336 0.9458 0.9511 0.9191 0.9482 0.9653 0.9212 0.9535 0.8826 0.8369 0.7549 0.8524 0.9102 0.8943 0.9203 0.9395 0.9335 
Area: 0.0893 || 0.3025 0.1313 0.0626 0.0461 0.0542 0.0489 0.0637 0.0404 0.0096 0.0607 0.0010 0.0900 0.1631 0.2056 0.1439 0.0898 0.1023 0.0797 0.0502 0.0411 
Elapsed Time = 342.0423 seconds; Per frame = 2.7146 seconds

FN007
Dice: 0.8912 || 0.9695 0.9653 0.9637 0.9487 0.9419 0.9027 0.8643 0.7922 0.8509 0.8824 0.8952 0.9289 0.9613 0.9614 0.9509 0.9552 0.6218 0.7099 0.8177 0.9407 
Area: 0.0970 || 0.0036 0.0143 0.0297 0.0513 0.0474 0.0271 0.0714 0.2035 0.1491 0.1137 0.1048 0.0711 0.0290 0.0365 0.0491 0.0314 0.3782 0.2901 0.1823 0.0556 
Elapsed Time = 339.9216 seconds; Per frame = 2.5179 seconds

FP007
Dice: 0.7994 || 0.7870 0.7755 0.8243 0.8589 0.8133 0.7354 0.7236 0.6938 0.7622 0.8308 0.7494 0.7679 0.8190 0.8213 0.8048 0.7969 0.7927 0.8354 0.9213 0.8746 
Area: 0.1947 || 0.2130 0.2245 0.1757 0.1411 0.1867 0.2646 0.2764 0.3062 0.2378 0.1692 0.2506 0.2321 0.1810 0.1787 0.1952 0.2031 0.2056 0.1313 0.0641 0.0566 
Elapsed Time = 385.5522 seconds; Per frame = 3.0599 seconds

FP016
Dice: 0.7851 || 0.8408 0.9278 0.9409 0.8187 0.8526 0.4513 0.7350 0.8091 0.8768 0.9469 0.9075 0.9002 0.5858 0.8183 0.9203 0.8895 0.8698 0.0000 0.7396 0.8708 
Area: 0.1876 || 0.1194 0.0378 0.0197 0.1813 0.0359 0.5487 0.2561 0.1909 0.0725 0.0031 0.0806 0.0701 0.4142 0.1634 0.0516 0.0763 0.0837 1.0000 0.2604 0.0855 
Elapsed Time = 215.3492 seconds; Per frame = 1.3630 seconds

FN003_naso
Dice: 0.0000 || 0.0000 0.0000 0.0000 0.0000 0.0000 0.0000 0.0000 0.0000 0.0000 0.0000 0.0000 0.0000 0.0000 0.0000 0.0000 0.0000 0.0000 0.0000 0.0000 0.0000 
Area: 1.0000 || 1.0000 1.0000 1.0000 1.0000 1.0000 1.0000 1.0000 1.0000 1.0000 1.0000 1.0000 1.0000 1.0000 1.0000 1.0000 1.0000 1.0000 1.0000 1.0000 1.0000 
Elapsed Time = 60.4198 seconds; Per frame = 0.5543 seconds

FP005_naso
Dice: 0.1559 || 0.0000 0.0000 0.0000 0.0000 0.0000 0.0000 0.0000 0.0000 0.0000 0.0000 0.0000 0.0000 0.0000 0.0000 0.0000 0.0000 0.6622 0.7327 0.8764 0.8475 
Area: 0.8297 || 1.0000 1.0000 1.0000 1.0000 1.0000 1.0000 1.0000 1.0000 1.0000 1.0000 1.0000 1.0000 1.0000 1.0000 1.0000 1.0000 0.2568 0.2673 0.0187 0.0508 
Elapsed Time = 113.7126 seconds; Per frame = 0.8815 seconds

FP011_naso
Dice: 0.0000 || 0.0000 0.0000 0.0000 0.0000 0.0000 0.0000 0.0000 0.0000 0.0000 0.0000 0.0000 0.0000 0.0000 0.0000 0.0000 0.0000 0.0000 0.0000 0.0000 0.0000 
Area: 1.0000 || 1.0000 1.0000 1.0000 1.0000 1.0000 1.0000 1.0000 1.0000 1.0000 1.0000 1.0000 1.0000 1.0000 1.0000 1.0000 1.0000 1.0000 1.0000 1.0000 1.0000 
Elapsed Time = 67.5679 seconds; Per frame = 0.7112 seconds

FD003_pre
Dice: 0.7234 || 0.8931 0.9527 0.7969 0.3407 0.1900 0.6839 0.9378 0.9509 0.8727 0.9142 0.0000 0.6687 0.6412 0.9495 0.9226 0.9434 0.9326 0.5479 0.4000 0.9282 
Area: 0.2566 || 0.1003 0.0387 0.2031 0.6593 0.7828 0.3161 0.0550 0.0278 0.0522 0.0425 1.0000 0.3187 0.2851 0.0311 0.0719 0.0084 0.0461 0.4521 0.6000 0.0417 
Elapsed Time = 377.4817 seconds; Per frame = 2.6214 seconds

FN003_lombard
Dice: 0.8994 || 0.7654 0.9347 0.9406 0.9277 0.9354 0.9542 0.9667 0.9297 0.4962 0.8452 0.9545 0.9268 0.9376 0.8498 0.9555 0.9580 0.9421 0.9574 0.9204 0.8897 
Area: 0.0642 || 0.1457 0.0470 0.0515 0.0289 0.0190 0.0316 0.0195 0.0144 0.4887 0.0833 0.0227 0.0244 0.0392 0.1118 0.0176 0.0208 0.0265 0.0079 0.0000 0.0828 
Elapsed Time = 229.2142 seconds; Per frame = 1.9591 seconds

MN003_adapt
Dice: 0.7113 || 0.0000 0.0000 0.0000 0.0000 0.9130 0.9133 0.9012 0.9400 0.8605 0.8310 0.9144 0.9489 0.9167 0.8700 0.8536 0.8648 0.7880 0.8956 0.9356 0.8790 
Area: 0.2478 || 1.0000 1.0000 1.0000 1.0000 0.0657 0.0424 0.0289 0.0314 0.0000 0.1549 0.0739 0.0227 0.0578 0.0046 0.0806 0.0736 0.1772 0.0909 0.0047 0.0457 
Elapsed Time = 142.7449 seconds; Per frame = 0.9150 seconds

